q        = 0.3602209389847915
a       = 0.10199886846333008
alpha     = 3.6827400287562626
k    = 0.07353146618303477
t_0    = 3.31066990330226

q        = 0.34244285446449235
a       = 2.775693322984085
alpha     = 3.3326075297310838
k    = 0.15757583283408405
t_0    = 22.744012633833478

